# 64  2  0.6  1  10.328
9.64999  6.86736  
3.59424  5.34095  
1.43027  8.26488  
3.13717  7.74053  
2.04926  7.09749  
0.961698  3.86423  
5.81453  2.87975  
2.12279  4.02895  
6.86676  8.77562  
6.01835  5.36271  
4.30104  2.06112  
6.00997  4.15275  
0.633817  9.21592  
3.94929  0.597903  
0.193685  4.62345  
4.42447  7.18339  
8.68516  7.22807  
8.33022  0.050931  
8.36443  8.60845  
0.599091  5.76266  
6.92473  3.72157  
5.14008  0.119372  
8.05591  3.85455  
7.36736  0.628537  
1.20825  1.97403  
2.18259  10.0215  
7.23542  9.93791  
5.90912  7.6326  
3.56953  6.57999  
2.41691  8.62686  
3.5551  9.75236  
7.17305  7.68763  
6.45541  0.1691  
0.377381  8.18406  
2.23588  1.74429  
3.03347  2.62597  
6.75617  6.73373  
7.27013  1.73869  
8.32804  5.03127  
1.85835  3.01455  
9.39514  3.10363  
9.15249  9.56159  
0.031054  3.56064  
9.43894  4.45196  
0.417681  6.86676  
4.95762  8.05356  
8.37559  1.42731  
3.09735  4.39455  
5.66157  6.55264  
5.82099  8.74689  
1.64583  5.10811  
7.51185  5.79338  
9.53847  5.71315  
10.0754  1.5472  
4.77688  3.3079  
1.14778  10.1248  
2.41726  6.1224  
6.04214  1.54388  
9.57888  8.6366  
0.0792897  2.54162  
7.93785  2.63935  
4.1841  4.42097  
4.85518  5.81307  
2.8331  0.779389  
