# 64  2  0.3  1  14.6059
14.1329  9.2583  
7.31265  14.086  
8.70586  3.30246  
8.26659  13.7379  
9.84406  12.9154  
9.22088  1.20775  
0.694465  5.65243  
7.97099  6.01279  
3.58356  5.16141  
10.3464  11.8464  
11.4489  11.9207  
0.0853634  10.2881  
6.31968  6.35362  
3.5861  9.39567  
8.46477  10.2386  
8.88667  12.5259  
2.62573  8.77166  
6.38946  9.66202  
1.3861  0.00507774  
14.0428  14.3356  
0.282234  11.3432  
4.51368  0.51276  
7.54073  11.1256  
9.98056  4.36852  
14.1912  7.41523  
11.2511  10.7659  
4.07482  1.76033  
0.546314  8.11603  
10.8971  1.65664  
12.9071  11.9314  
6.25313  13.2663  
8.18618  2.32674  
2.73081  1.55306  
8.7465  5.37436  
10.5273  7.33828  
13.0942  5.76499  
13.8498  11.4859  
1.81693  0.942673  
5.11762  6.03844  
2.04788  9.8528  
8.09063  1.20089  
1.05331  9.37602  
1.28236  2.0761  
6.44967  3.55665  
4.39689  8.61855  
10.5908  3.06482  
4.93142  7.27229  
8.49265  0.290079  
12.1351  14.1371  
12.3699  0.676134  
8.23511  7.06401  
14.5657  1.62321  
0.661899  6.78688  
13.7451  4.47107  
5.78041  10.9198  
14.3823  6.08853  
6.23661  14.4308  
4.61104  10.2338  
6.35114  8.58893  
3.37167  13.4582  
3.30865  10.9341  
10.8014  5.04484  
10.8663  13.1272  
12.2769  8.97375  
