-1.56176
-1.6074
-1.57143
-1.54935
-1.5611
-1.40144
-1.55311
-1.55227
-1.54877
-1.58529
-1.63824
-1.56964
-1.61268
-1.63894
-1.46425
-1.42101
-1.4972
-1.5946
-1.58026
-1.57217
-1.6288
-1.65133
-1.61191
-1.66597
-1.59928
-1.64353
-1.63473
-1.60349
-1.54026
-1.58146
-1.53088
-1.58196
-1.43141
-1.44701
-1.33458
-1.54707
-1.55666
-1.6585
-1.59923
-1.61557
-1.69012
-1.64191
-1.51124
-1.47306
-1.68986
-1.56474
-1.57027
-1.65574
-1.52498
-1.53235
-1.58961
-1.51466
-1.57713
-1.56653
-1.59508
-1.55134
-1.60881
-1.54964
-1.53699
-1.55805
-1.49262
-1.51431
-1.49288
-1.53653
-1.46025
-1.57122
-1.50609
-1.63731
-1.46786
-1.63068
-1.56526
-1.57579
-1.50024
-1.63361
-1.60533
-1.49209
-1.51982
-1.59047
-1.52534
-1.6356
-1.53311
-1.56415
-1.53311
-1.50386
-1.4965
-1.60977
-1.57062
-1.48569
-1.62074
-1.49556
-1.41571
-1.52453
-1.64244
-1.58637
-1.53385
-1.54599
-1.67639
-1.51976
-1.54964
-1.64756
