-0.868232
-0.898949
-0.905597
-0.883701
-0.812195
-0.800145
-0.752857
-0.950248
-0.752056
-0.846789
-0.829486
-0.821455
-0.814308
-0.815659
-0.947387
-0.677526
-0.692836
-0.851192
-0.828538
-0.745933
-0.699857
-0.78302
-0.766983
-0.927351
-0.86112
-0.815225
-0.896607
-0.753049
-0.674834
-0.816605
-0.835624
-0.946979
-0.843206
-0.819461
-0.795536
-0.821905
-0.821415
-0.751011
-0.776646
-0.740397
-0.830212
-0.712904
-0.800463
-0.90844
-0.72367
-0.825492
-0.894565
-0.73325
-0.798861
-0.839463
-0.814315
-0.768577
-0.828669
-0.766864
-0.780797
-0.824443
-0.89342
-0.858408
-0.782633
-0.896754
-0.908977
-0.825807
-0.769643
-0.785607
-0.729242
-0.889448
-0.809185
-0.8481
-0.847378
-0.746673
-1.00042
-0.761312
-0.824824
-0.758032
-0.828634
-0.923148
-0.872457
-0.872513
-0.811867
-0.750522
-0.791176
-0.800218
-0.824767
-0.814299
-0.750045
-0.758706
-0.787991
-0.920293
-0.962743
-0.723121
-0.719741
-0.723617
-0.943611
-0.807369
-0.945575
-0.782368
-0.77498
-0.812553
-0.81264
-0.909623
-0.81302
-0.643747
-0.803699
-0.780141
-0.773198
-0.817319
-0.777089
-0.818629
-0.7659
-0.845187
-0.84009
-0.909872
-0.742356
-0.756385
-0.75465
-0.854266
-0.867353
-0.730931
-0.702572
-0.784472
-0.848847
-0.835891
-0.756166
-0.674369
-0.90426
-0.901572
-0.746004
-0.844168
-0.857671
-0.838718
-0.847236
-0.77259
-0.795735
-0.837038
-0.916283
-0.786589
-0.768527
-0.802552
-0.807759
-0.78564
-0.81785
-0.833561
-0.680482
-0.731211
-0.842234
-0.799966
-0.874179
-0.73929
-0.686397
-0.749964
-0.818828
-0.784718
-0.740725
-0.729007
-0.897326
-0.851424
-0.768623
-0.794049
-0.893767
-0.858728
-0.812995
-0.779269
-0.760984
-0.692039
-0.877145
-0.764131
-0.641903
-0.735006
-0.808707
-0.758588
-0.787373
-0.821292
-0.698193
-0.882435
-0.673562
-0.718328
-0.76522
-0.803607
-0.761366
-0.98963
-0.637487
-0.765757
-0.788391
-0.728189
-0.821436
-0.872747
-0.827598
-0.774366
-0.770828
-0.777255
-0.851849
-0.819756
-0.845217
-0.83669
-0.75002
-0.824019
-0.704996
-0.797049
-0.848979
-0.86213
-0.797195
-0.919169
-0.850965
-0.871445
-0.818519
-0.797914
-0.765865
-0.665499
-0.713152
-0.864446
-0.749996
-0.77671
-0.902116
-0.829675
-0.754971
-0.749942
-0.786618
-0.725153
-0.904099
-0.847785
-0.876999
-0.794098
-0.838022
-0.811073
-0.873824
-0.952353
-0.772192
-0.743682
-0.995408
-0.843331
-0.870711
-0.937739
-0.841396
-0.839963
-0.719863
-0.798064
-0.702565
-0.788507
-0.88907
-0.84543
-0.834295
-0.784243
-0.803625
-0.71384
-0.750903
-0.831299
-0.685112
-0.76833
-0.890568
-0.847342
-0.775382
-0.795082
-0.761421
-0.921868
-0.989083
-0.838814
-0.796388
-0.900502
-0.850616
-0.722015
-0.924901
-0.858656
-0.736559
-0.703567
-0.862591
-0.760155
-0.819329
-0.788454
-0.781243
-0.771314
-0.84187
-0.785475
-0.882061
-0.821533
-0.836964
-0.72069
-0.728875
-0.870642
-0.854928
-0.831091
-0.937622
-0.794008
-0.744898
-0.791643
-0.864779
-0.812535
-0.786058
-0.948162
-0.752272
-0.802407
-0.745071
-0.700164
-0.834393
-0.754475
-0.709903
-0.800539
-0.815004
-0.781435
-0.826966
-0.747816
-0.84399
-0.69117
-0.826469
-0.757102
-0.842825
-0.931515
-0.679879
-0.790113
-0.917412
-0.834804
-0.920702
-0.935611
-1.00483
-0.752357
-0.861212
-0.809653
-0.676449
-0.62021
-0.862703
-0.711523
-0.83054
-0.882607
-0.876623
-0.862944
-0.704869
-0.779584
-0.684736
-0.824408
-0.769151
-0.772129
-0.75694
-0.771832
-0.862706
-0.871017
-0.783059
-0.7793
-0.784834
-0.921948
-0.795266
-0.800658
-0.737401
-0.820693
-0.802636
-0.831999
-0.808279
-0.929321
-0.775699
-0.829691
-0.828124
-0.791857
-0.854427
-0.842159
-0.888315
-0.845839
-0.835945
-0.784851
-0.968079
-0.899911
-0.80161
-0.865445
-0.874276
-0.745382
-0.78034
-0.764169
-0.748041
-0.875056
-0.763644
-0.863922
-0.828328
-0.907288
-0.776961
-0.776012
-0.86091
-0.78269
-0.768657
-0.894183
-0.718235
-0.757215
-0.75375
-0.790224
-0.818651
-0.721825
-0.874822
-0.654338
-0.768808
-0.832014
-0.714218
-0.754017
-0.741888
-0.868008
-0.881326
-0.775655
-0.770922
-0.850757
-0.773276
-0.737733
-0.821744
-0.818036
-0.839289
-0.830307
-0.834712
-0.893322
-0.990389
-0.90503
-0.803386
-0.622254
-0.823202
-0.830173
-0.826544
-0.809174
-0.922261
-0.78162
-0.917791
-0.840751
-0.745247
-0.863938
-0.762115
-0.869628
-0.902832
-0.800423
-0.720929
-0.878543
-0.749527
-0.795254
-0.848548
-0.785563
-0.732668
-0.735835
-0.78561
-0.815841
-0.773957
-0.764155
-0.81929
-0.934259
-0.938861
-0.853965
-0.752174
-0.838243
-0.758236
-0.737635
-0.756918
-0.809377
-0.876202
-0.841815
-0.857234
-0.942559
-0.780586
-0.71931
-0.773502
-0.709041
-0.724092
-0.76556
-0.846738
-0.707788
-0.781569
-0.841111
-0.762221
-0.78494
-0.669453
-0.636959
-0.874565
-0.79002
-0.86616
-0.759354
-0.834967
-0.78889
-0.78215
-0.713536
-0.907857
-0.859212
-0.797649
-0.665432
-0.769534
-0.646164
-0.857599
-0.812509
-0.763175
-0.801428
-0.757969
-0.832693
-0.775966
-0.831763
-0.897889
-0.833132
-0.630989
-0.737062
-0.817095
-0.792272
-0.903601
-0.725618
-0.821411
-0.722545
-0.708682
-0.77765
-0.784458
-0.851637
-0.893893
-1.01456
-0.944566
-0.743893
-0.840539
-0.722404
-0.737853
-0.759597
-0.776614
-0.738311
-0.883524
-0.920094
-0.79372
-0.851646
-0.892351
-0.740172
-0.743253
-0.757701
-0.812782
-1.02073
-0.810385
-0.714175
-0.798562
-0.780279
-0.872049
-0.836612
-0.821506
-0.719172
-0.894396
-0.73764
-0.780077
-0.832212
-0.857519
-0.827195
-0.877103
-0.792539
-0.793897
-0.724954
-0.813186
-0.758478
-0.742679
-0.738285
-0.695163
-0.761459
-0.795758
-0.83039
-0.834925
-0.813423
-0.880072
-0.684177
-0.778865
-0.820369
-0.962817
-0.795653
-0.861144
-0.731352
-0.700455
-0.776446
-0.769249
-0.754525
-0.813934
-0.744182
-0.677847
-0.809985
-0.820856
-0.911962
-0.776689
-0.765624
-0.809481
-0.771032
-0.948422
-0.765261
-0.717096
-0.734283
-0.787697
-0.885351
-0.84484
-0.8199
-0.850372
-0.88254
-0.806034
-0.794223
-0.846975
-0.88683
-0.730766
-0.640477
-0.673076
-0.85707
-0.735793
-0.788237
-0.866534
-0.806269
-0.888514
-0.763475
-0.598724
-0.901025
-0.864558
-0.864078
-0.801772
-0.744923
-0.796657
-0.828424
-0.938993
-0.743212
-0.835582
-0.792154
-0.792819
-0.744837
-0.813745
-0.809472
-0.84267
-0.874677
-0.852578
-0.85724
-0.790111
-0.788373
-0.846164
-0.805561
-0.888198
-0.864777
-0.746815
-0.907201
-0.775593
-0.827715
-0.712539
-0.720476
-0.717685
-0.697421
-0.887021
-0.840131
-0.919368
-0.822946
-0.798378
-0.766987
-0.910551
-0.703572
-0.70857
-0.911056
-0.894828
-0.81032
-0.786801
-0.874343
-0.846026
-0.902167
-0.752995
-0.868822
-0.718005
-0.826684
-0.720702
-0.820207
-0.756825
-0.84548
-0.896488
-0.797259
-0.716417
-0.616028
-0.747728
-0.761234
-0.922097
-0.783029
-0.898052
-0.89933
-0.665185
-0.889547
-0.850139
-0.761241
-0.833249
-0.78231
-0.960133
-0.782105
-0.774076
-0.724184
-0.758673
-0.782121
-0.855977
-0.871362
-0.993337
-0.764027
-0.855099
-0.857077
-0.929571
-0.903678
-0.890383
-0.958461
-0.631519
-0.827126
-0.781574
-0.78781
-0.858834
-0.778019
-0.805261
-0.870661
-0.861854
-0.946538
-0.774991
-0.873796
-0.94223
-0.897684
-0.810558
-0.669361
-0.766937
-0.80465
-0.899541
-0.871925
-0.777077
-0.907857
-0.816028
-0.819247
-0.735934
-0.786433
-0.821735
-0.746781
-0.785406
-1.0285
-0.77181
-0.848959
-0.775134
-0.86529
-0.732526
-0.897189
-0.767401
-0.655169
-0.835643
-0.860335
-0.868585
-0.868421
-0.829848
-0.950961
-0.779803
-0.780161
-0.789
-0.869282
-0.783678
-0.757245
-0.848194
-0.781422
-0.775898
-0.865975
-0.693263
-0.816155
-0.85618
-0.80601
-0.658481
-0.801605
-0.88836
-0.880691
-0.7786
-0.770424
-0.683054
-0.884714
-0.679291
-0.82781
-0.850594
-0.758076
-0.951575
-0.96918
-0.831248
-0.773393
-0.865446
-0.91138
-0.895291
-0.819174
-0.708332
-0.787735
-0.81583
-0.794242
-0.782952
-0.930299
-0.764161
-0.803445
-0.878175
-0.890989
-0.695692
-0.769262
-0.906801
-0.823781
-0.873551
-0.792833
-0.892748
-0.656827
-0.751386
-0.783478
-0.86444
-0.778772
-0.780474
-0.971224
-0.809816
-0.829583
-0.846261
-0.740066
-0.668417
-0.746188
-0.886364
-0.775505
-0.830809
-0.731107
-0.780047
-0.820806
-0.84293
-0.806132
-0.912871
-0.88259
-0.878323
-0.804348
-0.90299
-0.833526
-0.84791
-0.847818
-0.838923
-0.851975
-0.803397
-0.850865
-0.836597
-0.781428
-0.773456
-0.841539
-0.928794
-0.726762
-0.724483
-0.776823
-0.774964
-0.868683
-0.879692
-0.7731
-0.72829
-0.863206
-0.865217
-0.734192
-0.720352
-0.759633
-0.849246
-0.733199
-0.6612
-0.793954
-0.830643
-0.723044
-0.71933
-0.755474
-0.820548
-0.7018
-0.808767
-0.746773
-0.777725
-0.902385
-0.954843
-0.923141
-0.743665
-0.781642
-0.7993
-0.961873
-0.870518
-0.710422
-0.855724
-0.852279
-0.799135
-0.903037
-0.902372
-0.85632
-0.914134
-0.800607
-0.81276
-0.825478
-0.748891
-0.79502
-0.829379
-0.809731
-0.853218
-0.909576
-0.854181
-0.703953
-0.805121
-0.91202
-0.753528
-0.749177
-0.876004
-0.924985
-0.868632
-0.77044
-0.850907
-0.819255
-0.798372
-0.861979
-0.835369
-0.912344
-0.743344
-0.8773
-0.734099
-0.944099
-0.830702
-0.856594
-1.04544
-0.848477
-0.813798
-0.728841
-0.775848
-0.977273
-0.774354
-0.801788
-0.740018
-0.817171
-0.907693
-0.731239
-0.782531
-0.809565
-0.93219
-0.86153
-0.874199
-0.844835
-0.882129
-0.793258
-0.802266
-0.901904
-0.772703
-0.833557
-0.839512
-0.833672
-0.837217
-0.814452
-0.693879
-0.883949
-0.808752
-0.853581
-0.877119
-0.853837
-0.660696
-0.663006
-0.71934
-0.714904
-0.830015
-0.910049
-0.844241
-0.917959
-0.850066
-0.779033
-0.737371
-0.791758
-0.86987
-0.819846
-0.818056
-0.879094
-0.824846
-0.854066
-0.727265
-0.730243
-0.885165
-0.851605
-0.829879
-0.89074
-0.72517
-0.76177
-0.817732
-0.775148
-0.833582
-0.773897
-0.803224
-0.762725
-0.87728
-0.886928
-0.882755
-0.748029
-0.849207
-0.754655
-0.805674
-0.863081
-0.777351
-0.745101
-0.730648
-0.78673
-0.872451
-0.746692
-0.793017
-0.770224
-0.835945
-0.861841
-0.708935
-0.752304
-0.699105
-0.779634
-0.864405
-0.883108
-0.949824
-0.952966
-0.841714
-0.917811
-1.00993
-0.828122
-0.780655
-0.702526
-0.876306
-0.759079
-0.816893
-0.800881
-0.788408
-0.750974
-0.682321
-0.778631
-0.767389
-0.76103
-0.748525
-0.777381
-0.840339
-0.68652
-0.881356
-0.980336
-0.778106
-0.949361
-0.785141
-0.834167
-0.779645
-0.857148
-0.797948
-0.780466
-0.768683
-0.777426
-0.795472
-0.72172
-0.684915
-0.924862
-0.855172
-0.772187
-0.774695
-0.707283
-0.75835
-0.758725
-0.799156
-0.842723
-0.750699
-0.807296
-0.735363
-0.888709
-0.884336
-0.853095
-0.896706
-0.779285
-0.832316
-0.798211
-0.755517
-0.753021
-0.885402
-0.775103
-0.850823
-0.657049
-0.825403
-0.866555
-0.842809
-0.793174
-0.878653
-0.96069
-0.871332
-0.74299
-0.706801
-0.795824
-0.823322
-0.793295
-0.881516
-0.718792
-0.848091
-0.854705
-0.777881
-0.831608
-0.753456
-0.780133
-0.843725
-0.763738
-0.609083
-0.811225
-0.807788
-0.887815
-0.854178
-0.917565
-0.927013
-0.741259
-0.82406
-0.903552
-0.817048
-0.718252
-0.773242
-0.801826
-0.789423
-0.832938
-0.79761
-0.816009
-0.851792
-0.817246
-0.786791
-0.878463
-0.782089
-0.749299
-0.701874
-0.804026
-0.804491
-0.757651
-0.870492
-0.78423
-0.946184
-0.90647
-0.900063
-0.819005
-0.68188
-0.75973
-0.861181
-0.766812
-1.00472
-0.768514
-0.90638
-0.829451
-0.728201
-0.826268
-0.740268
-0.84722
-0.797989
-0.884648
-0.83111
-0.913003
-0.8064
-0.920736
-0.8225
-0.749318
-0.761994
-0.720776
-0.787908
-0.765484
-0.859299
-0.806757
-0.786915
-0.887204
-0.818639
-0.833543
-0.799492
-0.917798
-0.740687
-0.759918
-0.802096
-0.692952
-0.73029
-0.77712
-0.708252
-0.770052
-0.813246
-0.780574
-0.862429
-0.807956
-0.846671
-0.75952
-0.971967
-0.741081
-0.867316
-0.799725
-0.843858
-0.855731
-0.769105
-0.756514
-0.893467
-0.772885
-0.777963
-0.689134
-0.758444
-0.687257
-0.770348
-0.808031
-0.791193
-0.766176
-0.703506
-0.908452
-0.840892
-0.813004
-0.908567
-0.771828
-0.820599
-0.788041
-0.898489
-0.819898
-0.775593
-0.820509
-0.833414
-0.817218
-0.740054
-0.756063
-0.707099
-0.800205
-0.795983
-0.770913
-0.764269
-0.870571
-0.927372
-0.831257
-0.843299
-0.946239
-0.737215
-0.775741
-0.70927
-0.811038
-0.929624
-0.798712
-0.731552
-0.823941
-0.753044
-0.853891
-0.899729
-0.704901
-0.84759
-0.855926
-0.827298
-0.697972
-0.840881
-0.765408
-0.804827
-0.799612
-0.747259
-0.861484
-0.845269
-0.86404
-0.859896
-0.763801
-0.759485
-0.682089
-0.833132
-0.711629
-0.730901
-0.782802
-0.917133
-0.891404
-0.828376
-0.677999
-0.812188
-0.830089
-0.789784
-0.675913
-0.78962
-0.81144
-0.763173
-0.782919
-0.744257
-0.669504
-0.669829
-0.883557
-0.857926
-0.799576
-0.966453
-0.696065
-0.823097
-0.812795
-0.82746
-0.809482
-0.866371
-0.768611
-0.83133
-0.731764
-0.726279
-0.768814
-0.722882
-0.879547
-0.850963
-0.892649
-0.778788
-0.794393
-0.875971
-0.835176
-0.84689
-0.679753
-0.625482
-0.762639
-0.838465
-0.911604
-0.707466
-0.778528
-0.850518
-0.709122
-0.763592
-0.917869
-0.832045
-0.778806
-0.807273
-0.912274
-0.656523
-0.792642
-0.770503
-0.979187
-0.75959
-0.712191
-0.802239
-0.812665
-0.770593
-0.801724
-0.915574
-0.779259
-0.894106
-0.715019
-0.763548
-0.872817
-0.703883
-0.752626
-0.772596
-0.811597
-0.843206
-0.888597
-0.651495
-0.746369
-0.672297
-0.785722
-0.707389
-0.743221
-0.757468
-0.867426
-0.934548
-0.791149
-0.893466
-0.868845
-0.938239
-0.701142
-0.84903
-0.777826
-0.853331
-0.821834
-0.773484
-0.788914
-0.847227
-0.878222
-0.851281
-0.869619
-0.830655
-0.671045
-0.870294
-0.799546
-0.7945
-0.874145
-0.770379
-0.914774
-0.923438
-0.758908
-0.83545
-0.829805
-0.841882
-0.907336
-0.880561
-0.712727
-0.889576
-0.813267
-0.749301
-0.769728
-0.740019
-0.902779
-0.751321
-0.802461
-0.845181
-0.889388
-0.719356
-0.810354
-0.873164
-0.902495
-0.763455
-0.854441
-0.699184
-0.849565
-0.719922
-0.89745
-0.835794
-0.883474
-0.796037
-0.775601
-0.855957
-0.975595
-0.83528
-0.90074
-0.803221
-0.810084
-0.754867
-0.780756
-0.691529
-0.80637
-0.775633
-0.826373
-0.7941
-0.763739
-0.835464
-0.838753
-0.929767
-0.874181
-0.792034
-0.738695
-0.682517
-0.805675
-0.816036
-0.818358
-0.641916
-0.723356
-0.815813
-0.899203
-0.763784
-0.745468
-0.784344
-0.793739
-0.751414
-0.714772
-0.864414
-0.942632
-0.886781
-0.7447
-0.949543
-0.859392
-0.753045
-0.661799
-0.858533
-0.835339
-0.76784
-0.944788
-0.857331
-0.819776
-0.810028
-0.898242
-0.875808
-0.806585
-0.846839
-0.766083
-0.673714
-0.809155
-0.891619
-0.791628
-0.840768
-0.872338
-0.814629
-0.851468
-0.803257
-0.876641
-0.789345
-0.82275
-0.831658
-0.719582
-0.751288
-0.873302
-0.906726
-0.678678
-0.813714
-0.822101
-0.739837
-0.815689
-0.715378
-0.733102
-0.772641
-0.729451
-0.779577
-0.763174
-0.868545
-0.990676
-0.840679
-0.757376
-0.837894
-0.734968
-0.700056
-0.808139
-0.951813
-0.824959
-0.839037
-0.691829
-0.795102
-0.901907
-0.718947
-0.857125
-0.794527
-0.820363
-0.718655
-0.675166
-0.84904
-0.819008
-0.812779
-0.781327
-0.770155
-0.786871
-0.734865
-0.767976
-0.759679
-0.801059
-0.844249
-0.836468
-0.816308
-0.894296
-0.886607
-0.90581
-0.89389
-0.73726
-0.88367
-0.708424
-0.769524
-0.795348
-0.695436
-0.724539
-0.782311
-0.759769
-0.799403
-0.742154
-0.840599
-0.866602
-0.834877
-0.811875
-0.777928
-0.825103
-0.906583
-0.798384
-0.83042
-0.744245
-0.76606
-0.717858
-0.847008
-0.766307
-0.869171
-0.836132
-0.928643
-0.769455
-0.735235
-0.791515
-0.806534
-0.829815
-0.822107
-0.690039
-0.91064
-0.907677
-0.846853
-0.782731
-0.862539
-0.815822
-0.852393
-0.795435
-0.78882
-0.784426
-0.869316
-0.824077
-0.788696
-0.759691
-0.758179
-0.781077
-0.763071
-0.736786
-0.747773
-0.760334
-0.93631
-0.748753
-0.745717
-0.911404
-0.792405
-0.688054
-0.854101
-0.894065
-0.710538
-0.75874
-0.82492
-0.930481
-0.87476
-0.943499
-0.873897
-0.879071
-0.898227
-0.828102
-0.779774
-0.894346
-0.81354
-0.766895
-0.889074
-0.809727
-0.847415
-0.7196
-0.767968
-0.756173
-0.851364
-0.736866
-0.633103
-0.798638
-0.798156
-0.796423
-0.683339
-0.867468
-0.834196
-0.756879
-0.861325
-0.865757
-0.747906
-0.978333
-0.893176
-0.879056
-0.902135
-0.721828
-0.858718
-0.795191
-0.830458
-0.903269
-0.812381
-0.958388
-1.07181
-0.830907
-0.73631
-0.701817
-0.736682
-0.796052
-0.796697
-0.820418
-0.808936
-0.898962
-0.868504
-0.674606
-0.902144
-0.756784
-0.910383
-0.831826
-0.706983
-0.87579
-0.776032
-0.765051
-0.809848
-0.921121
-0.784419
-0.77833
-0.820063
-0.839094
-0.855441
-0.727256
-0.817729
-0.671081
-0.670483
-0.753914
-0.709893
-0.811699
-0.768276
-0.830338
-0.74047
-0.751463
-0.729608
-0.802601
-0.827806
-0.776472
-0.754193
-0.635331
-0.815536
-0.712964
-0.760585
-0.878886
-0.858263
-0.975129
-0.891238
-0.824948
-0.852418
-0.725124
-0.763613
-0.828479
-0.793828
-0.681402
-0.786692
-0.809226
-0.838049
-0.75136
-0.832421
-0.863
-0.80049
-0.755048
-0.824213
-0.948017
-0.866587
-0.856814
-0.94483
-0.729651
-0.834327
-0.810266
-0.828112
-0.818484
-0.691424
-0.812797
-0.770523
-0.950078
-0.822199
-0.791153
-0.822186
-0.753953
-0.81741
-0.820011
-0.952803
-0.972357
-0.82867
-0.883621
-0.809187
-0.806941
-0.868585
-0.83952
-0.875323
-0.845561
-0.798081
-0.562399
-0.748694
-0.769728
-0.903336
-0.833728
-0.744833
-0.689253
-0.758879
-0.863162
-0.876139
-0.839811
-0.799576
-0.791913
-0.80243
-0.855965
-0.721055
-0.790815
-0.784305
-0.832033
-0.82917
-0.675135
-0.904961
-0.833491
-0.763428
-0.75606
-0.821886
-0.75819
-0.741355
-0.753769
-0.644871
-0.787905
-0.736058
-0.584923
-0.867407
-0.754924
-0.778029
-0.811373
-0.755837
-0.90049
-0.796172
-0.817827
-0.713931
-0.878867
-0.777037
-0.894872
-0.708006
-0.68928
-0.79992
-0.672683
-0.793928
-1.00026
-0.866241
-0.836296
-0.799469
-0.804023
-0.751614
-0.860178
-0.75209
-0.82389
-0.756043
-0.83623
-0.74723
-0.715971
-0.789027
-0.792105
-0.817276
-0.958883
-0.889902
-0.742817
-0.873274
-0.986976
-0.824778
-0.817141
-0.833425
-0.922488
-0.793105
-0.872059
-0.798243
-0.809448
-0.793182
-0.806907
-0.900839
-0.843673
-0.696647
-0.763579
-0.719951
-0.721882
-0.841104
-0.813554
-0.757801
-0.928428
-0.793757
-0.814553
-0.878725
-0.965066
-0.743473
-0.835974
-0.915035
-0.867531
-0.797464
-0.783902
-0.840702
-0.733661
-0.754374
-0.852876
-0.809197
-0.808607
-0.909995
-0.74822
-0.752885
-0.860374
-0.865204
-0.819247
-0.750933
-0.771821
-0.706615
-0.797077
-0.888651
-0.713918
-0.831591
-0.814393
-0.78253
-0.846521
-0.995522
-0.760164
-0.762744
-0.956864
-0.843122
-0.679509
-0.667039
-0.787255
-0.687394
-0.929654
-0.828295
-0.776565
-0.772181
-0.807197
-0.749523
-0.80086
-0.912288
-1.0498
-0.812678
-0.762617
-0.636826
-0.893864
-0.745127
-0.841619
-0.769602
-0.781399
-0.678429
-0.82106
-0.735727
-0.751301
-0.779632
-0.723003
-0.853114
-0.909554
-0.746679
-0.88742
-0.836626
-0.910841
-0.897351
-0.838926
-0.853929
-0.946425
-0.848492
-0.768643
-0.773041
-0.883202
-0.709143
-0.870804
-0.761332
-0.797964
-0.867834
-0.747194
-0.783364
-0.743962
-0.796605
-0.711515
-0.877901
-0.831169
-0.8776
-0.780414
-0.723811
-0.862283
-0.828774
-0.779284
-0.895545
-0.874767
-0.807703
-0.872772
-0.753515
-0.781259
-0.744483
-0.692821
-0.802711
-0.66068
-0.828874
-0.745072
-0.857666
-0.819205
-0.903873
-0.867056
-0.875965
-0.819694
-0.942348
-0.633553
-0.845448
-0.900892
-0.847386
-0.847855
-0.665971
-0.722919
-0.856743
-0.858981
-0.806187
-0.760229
-0.732959
-0.8189
-0.766929
-0.845467
-0.848191
-0.818522
-0.789066
-0.78279
-0.79757
-0.780202
-0.778206
-0.800103
-0.920129
-0.890654
-0.768362
-0.746397
-0.79716
-0.824498
-0.782582
-0.741759
-0.809218
-0.874534
-0.694056
-0.909315
-0.86005
-0.816915
-0.845595
-0.849088
-0.882247
-0.77477
-0.924297
-0.775014
-0.734643
-0.904821
-0.782168
-0.815433
-0.754463
-0.85164
-0.843966
-0.817625
-0.758047
-0.874824
-0.912133
-0.970766
-1.01196
-0.841873
-0.828131
-0.794731
-0.756218
-0.754673
-0.855607
-0.801485
-0.77885
-0.832658
-0.801183
-0.904396
-0.917173
-0.753431
-0.761481
-0.691772
-0.720157
-0.829886
-0.847078
-0.757605
-0.833504
-0.678747
-0.782907
-0.801838
-0.798899
-0.797619
-0.697303
-0.838822
-0.830424
-0.822918
-0.842114
-0.771295
-0.892183
-0.895463
-0.740929
-0.814002
-0.786046
-0.758125
-0.772416
-0.823227
-0.816112
-0.823831
-0.839414
-0.801276
-0.749814
-0.765636
-0.789714
-0.756615
-0.793545
-0.845388
-0.800276
-0.905928
-0.814201
-0.889912
-0.870192
-0.82162
-0.92068
-0.99571
-0.903495
-0.958924
-0.910351
-0.799367
-0.837626
-0.792793
-0.926721
-0.748976
-0.757379
-0.729839
-0.849086
-0.737642
-0.756439
-0.778658
-0.861946
-0.881232
-0.863122
-0.682801
-0.67667
-0.748489
-0.718519
-0.808356
-0.794997
-0.677542
-0.876477
-0.815826
-0.867732
-0.817665
-0.809002
-0.647364
-0.775945
-0.777419
-0.873707
-0.762603
-0.765462
-0.7682
-0.898258
-0.881074
-0.7416
-0.854237
-0.945361
-0.676772
-0.718972
-0.78495
-0.715675
-0.797984
-0.946448
-0.807909
-0.76115
-0.857418
-0.704523
-0.68777
-0.860513
-0.826487
-0.827461
-0.796158
-0.849202
-0.990345
-0.81112
-0.833058
-0.862883
-0.709601
-0.773875
-0.931284
-0.873215
-0.912466
-0.7261
-0.731197
-0.854616
-0.754523
-0.714548
-0.877064
-0.790037
-0.762564
-0.754252
-0.890654
-0.771201
-0.868511
-0.759888
-0.846807
-0.749961
-0.738751
-0.930509
-0.736548
-0.798502
-0.782769
-0.777482
-0.864054
-0.760508
-0.751728
-0.826361
-0.908143
-0.796718
-0.899115
-0.758633
-0.63436
-0.882434
-0.756913
-0.704118
-0.661352
-0.873007
-0.87306
-0.759877
-0.823628
-0.969619
-0.705561
-0.720799
-0.777592
-0.818751
-0.748561
-0.888708
-0.782871
-0.876909
-0.7449
-0.734629
-0.862773
-0.935752
-0.759997
-0.902415
-0.783552
-0.722174
-0.804908
-0.666242
-0.813768
-0.757075
-0.888677
-0.934753
-0.794057
-0.84484
-0.847859
-1.05657
-0.769203
-0.715954
-0.652073
-0.792475
-0.732714
-0.814392
-0.842676
-0.863044
-0.845992
-0.759835
-0.807105
-0.831544
-0.936488
-0.832644
-0.918258
-0.854057
-0.796698
-0.818152
-0.736807
-0.932163
-0.853589
-0.772602
-0.825799
-0.845696
-0.753939
-0.655031
-0.943119
-0.840829
-0.802769
-0.757121
-0.819821
-0.838983
-0.92925
-0.86874
-0.86926
-0.802096
-0.793294
-0.855449
-0.86341
-0.759349
-0.888925
-0.884313
-0.784417
-0.712257
-0.757487
-0.795419
-0.846497
-0.798922
-0.830465
-0.77917
-0.755426
-0.830207
-0.802794
-0.841322
-0.839974
-0.929929
-0.885409
-0.86988
-0.789911
-0.822768
-0.859137
-0.709272
-0.739659
-0.854788
-0.768538
-0.716656
-0.775234
-0.739631
-0.814091
-0.744672
-0.884468
-0.866108
-0.805754
-0.845988
-0.891894
-0.818455
-0.860245
-0.947085
-0.904082
-0.744339
-0.65937
-0.884007
-0.841718
-0.923803
-0.83859
-0.838723
-0.775808
-0.902652
-0.808633
-0.787321
-0.816941
-0.666968
-0.809657
-0.735366
-0.841561
-0.874889
-0.855585
-0.837287
-0.941023
-0.963445
-0.824528
-0.83067
-0.808753
-0.802675
-0.750979
-0.780023
-0.81897
-0.782113
-0.827021
-0.796049
-0.881985
-0.741939
-0.777912
-0.816999
-0.803172
-0.72717
-0.846154
-0.769246
-0.726465
-0.820557
-0.828086
-0.884423
-0.822355
-0.819972
-0.793823
-0.812113
-0.790417
-0.791975
-0.838139
-0.912319
-0.736932
-0.802757
-0.863038
-0.823779
-0.843563
-0.859853
-0.82968
-0.864902
-0.885576
-0.907701
-0.8909
-0.90904
-0.951984
-0.795894
-0.958517
-0.726036
-0.947436
-0.810739
-0.885955
-0.780008
-0.871123
-0.721412
-0.793599
-0.827975
-0.9106
-0.751101
-0.843724
-0.803321
-0.849945
-0.769025
-0.786622
-0.945848
-0.837595
-0.767945
-0.819635
-0.635782
-0.798643
-0.736532
-0.854114
-0.807654
-0.82681
-0.805767
-0.75762
-0.852797
-0.985782
-0.867407
-0.927245
-0.745859
-0.812593
-0.79392
-0.928336
-0.910043
-0.812927
-0.91184
-0.758426
-0.82162
-0.827491
-0.678815
-0.873039
-0.926261
-0.711715
-0.884772
-0.864305
-0.91456
-0.724019
-0.799467
-0.692522
-0.837152
-0.92432
-0.75155
-0.794976
-0.867984
-0.936037
-0.836443
-0.948372
-0.95614
-0.73993
-0.871869
-0.835682
-0.724303
-0.872531
-0.786897
-0.85138
-0.761864
-0.72397
-0.750084
-0.809207
-0.812413
-0.914246
-0.667731
-0.716075
-0.815511
-0.815835
-0.900679
-0.802422
-0.737863
-0.83999
-0.913733
-0.812796
-0.814436
-0.792937
-0.888451
-0.89988
-0.71147
-0.756228
-0.762899
-0.768298
-0.825159
-0.788411
-0.723045
-0.859753
-0.835308
-0.889825
-0.836404
-0.745109
-0.69326
-0.799746
-0.711186
-0.702475
-0.800116
-0.901682
-0.902534
-0.874531
-0.855771
-0.820359
-0.872971
-0.871643
-0.912409
-0.963043
-0.709243
-0.734242
-0.736376
-0.823704
-0.870979
-0.89131
-0.869437
-0.692766
-0.791858
-0.847008
-0.904404
-0.770916
-0.824104
-0.91978
-0.882116
-0.810037
-0.974986
-0.742832
-0.789899
-0.880058
-0.808294
-0.791507
-0.831867
-0.813153
-0.916033
-0.896074
-0.834549
-0.89961
-0.912753
-0.942884
-0.801512
-0.848148
-0.745701
-0.823552
-0.693699
-0.840118
-0.706898
-0.804739
-0.858122
-0.71143
-0.745793
-0.773129
-0.855846
-0.729163
-0.79261
-0.81383
-0.846551
-0.746905
-0.870661
-0.941178
-0.974355
-0.878003
-0.790879
-0.808177
-0.712039
-0.819376
-0.710164
-0.818379
-0.843446
-0.770869
-0.707397
-0.837538
-0.800804
-0.73221
-0.816701
-0.923043
-0.778465
-0.889639
-0.716196
-0.766645
-0.768148
-0.875105
-0.824193
-0.822741
-0.734446
-0.818763
-0.798199
-0.894231
-0.780841
-0.713766
-0.884155
-0.780471
-0.833326
-0.840793
-0.787001
-0.775346
-0.74068
-0.753495
-0.881464
-0.851128
-0.704554
-0.826299
-0.781298
-0.779465
-0.864697
-0.77246
-0.804761
-0.883016
-0.834226
-0.789048
-0.782862
-0.814191
-0.850309
-0.835878
-0.943842
-0.888153
-0.77384
-0.775863
-0.803512
-0.783593
-0.849862
-0.893593
-0.953023
-0.892354
-0.788485
-0.816497
-0.767282
-0.818495
-0.822377
-0.958325
-0.818947
-0.924891
-0.789223
-0.835312
-0.789304
-0.846001
-0.668373
-0.816637
-0.70426
-0.806625
-0.755772
-0.841225
-0.819862
-0.762557
-0.769821
-0.799052
-0.873321
-0.809216
-0.85047
-0.736834
-0.810791
-0.936695
-0.817847
-0.828718
-0.833615
-0.737485
-0.85641
-0.824028
-0.843678
-0.873941
-0.847269
-0.793094
-0.774605
-0.742478
-0.871546
-0.86553
-0.850207
-0.95139
-0.91944
-0.787576
-0.766237
-0.85968
-0.868455
-0.760924
-0.870822
-0.786609
-0.868861
-0.78865
-0.818304
-0.677897
-0.694951
-0.718683
-0.880767
-0.647603
-0.844329
-0.837211
-0.843024
-0.728956
-0.848656
-0.88578
-0.775362
-0.756249
-0.812104
-0.817065
-0.876037
-0.764501
-0.725829
-0.863864
-0.835127
-0.886906
-0.835723
-0.929961
-0.839663
-0.711708
-0.747496
-0.696401
-0.819056
-0.886912
-0.744404
-0.845576
-0.9324
-0.916997
-0.719961
-0.76328
-0.830792
-0.828465
-0.764258
-0.876985
-0.89836
-0.825921
-0.822931
-0.778691
-0.756913
-0.878961
-0.821877
-0.799441
-0.748535
-0.795982
-0.947649
-0.789055
-0.75139
-0.805449
-0.736492
-0.681202
-0.853076
-0.858463
-0.715229
-0.83785
-0.838754
-0.731575
-0.702115
-0.759372
-0.831114
-0.707212
-0.78716
-0.919535
-0.774959
-0.820568
-0.846934
-0.986842
-0.836263
-0.8542
-0.791856
-0.759178
-0.76252
-0.815466
-0.74522
-0.78552
-0.727837
-0.933044
-0.804498
-0.790212
-0.721749
-0.70346
-0.853413
-0.772094
-0.866332
-0.804852
-0.925024
-0.816452
-0.82824
-0.773118
-0.779161
-0.84795
-0.82335
-0.797132
-0.757107
-0.757253
-0.862713
-0.736668
-0.934387
-0.901298
-0.891093
-0.850084
-0.743366
-0.755183
-0.802039
-0.87901
-0.918632
-0.838639
-0.780492
-0.847109
-0.794343
-0.90395
-0.929143
-0.832342
-0.711672
-0.756736
-0.793183
-0.84018
-0.900844
-0.862924
-0.815725
-0.823087
-0.748941
-0.847193
-0.813671
-0.735143
-0.820771
-0.869708
-0.763308
-0.834715
-0.773899
-0.724136
-0.750033
-0.720911
-0.727025
-0.916151
-0.866682
-0.876666
-0.9279
-0.758183
-0.871532
-0.784789
-0.771055
-0.79256
-0.774745
-0.872675
-0.95031
-0.805503
-0.855781
-0.80132
-0.769443
-0.817285
-0.778516
-0.820885
-1.09993
-0.892718
-0.673777
-0.842031
-0.826837
-0.80056
-0.79188
-0.744033
-0.73449
-0.844199
-0.868742
-0.868511
-0.797682
-0.773197
-0.763137
-0.805018
-0.675317
-0.672051
-0.760384
-0.824384
-0.677061
-0.816111
-0.863835
-0.823787
-0.748944
-0.922984
-0.83539
-0.827671
-0.836748
-0.680784
-0.793431
-0.863955
-0.835614
-0.8527
-0.793545
-0.822972
-0.766186
-0.794248
-0.732386
-0.88306
-0.809108
-0.777104
-0.878658
-0.773109
-0.893133
-0.800615
-0.835068
-0.754035
-0.907974
-0.814413
-0.882112
-0.846057
-0.888701
-0.784242
-0.864086
-0.782639
-0.791522
-0.807453
-0.79385
-0.616484
-0.765988
-0.70683
-0.830016
-0.787387
-0.831444
-0.639502
-0.736521
-0.789393
-0.746748
-0.95248
-0.84255
-0.756062
-0.806279
-0.751503
-0.71436
-0.736705
-0.820924
-0.842392
-0.904217
-0.873503
-0.824482
-0.84188
-0.878619
-0.890758
-0.866024
-0.811622
-0.847057
-0.832446
-0.752153
-0.920793
-0.697466
-0.78121
-0.827604
-0.754784
-0.824669
-0.808621
-0.774409
-0.782025
-0.751322
-0.863191
-0.870124
-0.699631
-0.833853
-0.738569
-0.655102
-0.787395
-0.78058
-0.768251
-0.757571
-0.813963
-0.734913
-0.723219
-0.703489
-0.950927
-0.941423
-0.937963
-0.808406
-0.715852
-0.810665
-1.01027
-0.752324
-0.824905
-0.854341
-0.8739
-0.936832
-0.861644
-0.772991
-0.896551
-0.793942
-0.897175
-0.870207
-0.828392
-0.863653
-0.925046
-1.00855
-0.800938
-0.722444
-0.702185
-0.768841
-0.835044
-0.634714
-0.73673
-0.824405
-0.838276
-0.701138
-0.958528
-0.829162
-0.776069
-0.781536
-0.890507
-0.778377
-0.772249
-0.877648
-0.73479
-0.84525
-0.911087
-0.846625
-0.842208
-0.891932
-0.795367
-0.785529
-0.695461
-0.710721
-0.81676
-0.825549
-0.771584
-0.816198
-0.809273
-0.914869
-0.840145
-0.855638
-0.801953
-0.825639
-0.890848
-0.895092
-0.833474
-0.781035
-0.869458
-0.862812
-0.891575
-0.793124
-0.689265
-0.81104
-0.840288
-0.86412
-0.876821
-0.770235
-0.82787
-0.800104
-0.788396
-0.880299
-0.818427
-0.833987
-0.847128
-0.73805
-0.773399
-0.833675
-0.735115
-0.833634
-0.746796
-0.723766
-0.73228
-0.837739
-0.690389
-0.743894
-0.708129
-0.658883
-0.732402
-0.697511
-0.758819
-0.847319
-0.776735
-0.845716
-0.795339
-0.843237
-0.751538
-0.685896
-0.749046
-0.794849
-0.792473
-0.829092
-0.641751
-0.894091
-0.746819
-0.757298
-0.828761
-0.661188
-0.956934
-0.876631
-0.777283
-0.719083
-0.807438
-0.908722
-0.769445
-0.713781
-0.777973
-0.743644
-0.814391
-0.74671
-0.865112
-0.821532
-0.764291
-0.881731
-0.865277
-0.731334
-0.750062
-0.767117
-0.758937
-0.844797
-0.914331
-0.777691
-0.888336
-0.728584
-0.843914
-0.83669
-0.775317
-0.629073
-0.876252
-0.921283
-0.91503
-0.779436
-0.826341
-0.855825
-0.802784
-0.862005
-0.797018
-0.957394
-0.774827
-0.821942
-0.687977
-0.779185
-0.746249
-0.810356
-0.838558
-0.731146
-0.92852
-0.770659
-0.892145
-0.742535
-0.666917
-0.816322
-0.924055
-0.705413
-0.887126
-0.757237
-0.887851
-0.589358
-0.702275
-0.920344
-0.752778
-0.871531
-0.773349
-0.779613
-0.916698
-0.815057
-0.938544
-0.799669
-0.839013
-0.848008
-0.774487
-0.790349
-0.835106
-0.92171
-0.7529
-0.739567
-0.743407
-0.787286
-0.837393
-0.892329
-0.84722
-0.839041
-0.809794
-0.97453
-0.86419
-0.756275
-0.948262
-0.915726
-0.721657
-0.722709
-0.762762
-0.872554
-0.898825
-0.793877
-0.760377
-0.773236
-0.745387
-0.805659
-0.739127
-0.714526
-0.804031
-0.786717
-0.74004
-0.729432
-0.744725
-0.683229
-0.927346
-0.774416
-0.859132
-0.908124
-0.896886
-0.897227
-0.801376
-0.881779
-0.735712
-0.860259
-0.786345
-0.819807
-0.840985
-0.799291
-0.724718
-0.688504
-0.928533
-0.759567
-0.812962
-0.844505
-0.855981
-0.955685
-0.892661
-0.88083
-0.831222
-0.777513
-0.802523
-0.600103
-0.773167
-0.791609
-0.808266
-0.808233
-0.759907
-0.791378
-0.757903
-0.777734
-0.73359
-0.722273
-0.808166
-0.880588
-0.913428
-0.838095
-0.675238
-0.753758
-0.794576
-0.944809
-0.814329
-0.836888
-0.821465
-0.796521
-0.827995
-0.799775
-0.801093
-0.967374
-0.845425
-0.837923
-0.960081
-0.741901
-0.754665
-0.848494
-0.771224
-0.85076
-0.823336
-0.83898
-0.897794
-0.85752
-0.678221
-0.766258
-0.792287
-0.756728
-0.852562
-0.705984
-0.74036
-0.945636
-0.761139
-0.879654
-0.840183
-0.785151
-0.853088
-0.823292
-0.93642
-0.787397
-0.826403
-0.814892
-0.821173
-0.750784
-0.985091
-0.777901
-0.808156
-0.789065
-0.848638
-0.785801
-0.677442
-0.782977
-0.673112
-0.734315
-0.7354
-0.830929
-0.944735
-0.922248
-0.890031
-1.01278
-0.780781
-0.833235
-0.827778
-0.866564
-0.781962
-0.874028
-0.70128
-0.794557
-0.899883
-0.808507
-0.773965
-0.794492
-0.823035
-0.824889
-0.793217
-0.873546
-0.732429
-0.861945
-0.886518
-0.862535
-0.903819
-0.949935
-0.800165
-0.820343
-0.781865
-0.745938
-0.890231
-0.842538
-0.83545
-0.919106
-0.854388
-0.858032
-0.952636
-0.731485
-0.784492
-0.807906
-0.863589
-0.810981
-0.862827
-0.838233
-0.760874
-0.799122
-0.80144
-0.816314
-0.885812
-0.811838
-0.713905
-0.770986
-0.851807
-0.713257
-0.908119
-0.706577
-0.825566
-0.841631
-0.829556
-0.752088
-0.795211
-0.846514
-0.739541
-0.751251
-0.74813
-0.865693
-0.779368
-0.853181
-0.841153
-0.794761
-0.868652
-0.745075
-0.705896
-0.786445
-0.855365
-0.70427
-0.921823
-0.778493
-0.868491
-0.703313
-0.850541
-0.848
-0.887731
-0.78022
-0.76654
-0.844315
-0.76524
-0.7814
-0.831677
-0.783047
-0.839726
-0.851178
-0.824751
-0.936892
-0.835772
-0.837041
-0.850068
-0.810221
-0.834563
-0.668374
-0.849667
-0.798378
-0.822786
-0.812605
-0.842167
-0.785183
-0.891496
-0.757495
-0.782045
-0.726931
-0.950817
-0.9303
-0.662625
-0.710192
-0.804045
-0.903081
-0.82823
-0.74165
-0.896877
-0.845225
-0.775129
-0.738303
-0.669577
-0.717486
-0.80301
-0.783493
-0.801676
-0.84252
-0.821896
-0.847381
-0.72676
-0.802871
-0.820005
-0.811444
-0.813839
-0.902207
-0.925214
-0.614912
-0.863563
-0.666783
-0.928303
-0.86463
-0.807661
-0.818284
-0.734942
-0.817279
-0.874617
-0.750122
-0.849797
-0.726639
-0.7939
-0.917046
-0.871091
-0.856274
-0.891548
-0.831574
-0.737051
-0.854616
-0.731214
-0.786518
-0.877202
-0.723707
-0.907933
-0.775292
-0.633787
-0.852458
-0.732568
-0.736414
-0.906466
-0.775773
-0.867299
-0.753877
-0.823639
-0.80213
-0.904682
-0.879852
-0.912436
-0.822708
-0.889462
-0.824655
-0.782063
-0.818657
-0.79352
-0.859223
-0.812214
-0.835716
-0.874072
-0.797247
-0.784886
-0.866743
-0.781171
-0.77936
-0.707493
-0.772294
-0.803276
-0.862221
-0.916608
-0.747326
-0.799046
-0.859267
-0.745878
-0.74047
-0.812642
-0.859102
-0.758912
-0.802828
-0.740738
-0.741848
-0.819659
-0.783908
-0.734431
-0.777248
-0.840985
-0.844907
-0.845384
-0.829666
-0.7896
-0.932152
-0.65939
-0.783331
-0.860665
-0.692042
-0.798389
-0.79025
-0.731256
-0.895864
-0.865884
-0.823266
-0.810257
-0.756388
-0.719487
-0.731402
-0.903882
-0.764474
-0.893069
-0.885787
-0.701416
-0.726099
-0.809787
-0.871209
-0.733394
-0.734868
-0.865501
-0.896776
-0.923282
-0.830123
-0.916876
-0.815268
-0.78566
-0.778774
-0.688061
-0.797332
-0.683681
-0.840871
-0.653784
-0.836362
-0.870952
-0.911174
-0.825759
-0.691192
-0.820136
-0.865284
-0.82368
-0.856965
-0.799764
-0.870131
-0.739244
-0.810893
-0.820675
-0.923388
-0.948586
-0.748393
-0.8837
-0.910031
-0.768737
-0.843336
-0.800695
-0.83824
-0.776467
-0.932557
-0.776063
-0.81315
-0.831927
-0.704482
-0.824163
-0.82261
-0.835183
-0.738332
-0.806124
-0.745848
-0.748163
-0.893575
-0.751056
-0.770412
-0.847203
-0.862625
-0.757337
-0.928694
-0.903929
-0.744184
-0.683337
-0.812682
-0.932488
-0.795636
-0.725986
-0.830146
-0.731948
-0.786485
-0.723585
-0.831923
-0.865316
-0.730231
-0.86923
-0.778018
-0.832081
-0.766564
-0.970976
-0.890703
-0.873038
-0.774104
-0.850602
-0.898791
-0.86511
-0.647072
-0.926382
-0.757516
-0.673108
-0.822159
-0.760318
-0.823617
-0.834836
-0.710427
-0.904122
-0.815878
-0.825094
-0.771911
-0.938724
-0.83625
-0.721801
-0.76203
-0.813943
-0.765269
-0.748803
-0.815271
-0.802335
-0.87004
-0.819376
-0.716016
-0.702543
-0.767489
-0.828264
-0.853323
-0.745608
-0.708958
-0.749177
-0.866524
-0.760314
-0.849473
-0.984806
-0.798396
-0.791243
-0.842515
-0.638511
-0.809716
-0.671822
-0.817062
-0.763718
-0.819012
-0.787181
-0.879956
-0.880127
-0.901307
-0.719909
-0.685419
-0.856298
-0.85875
-0.853319
-0.826538
-0.993936
-0.8995
-0.877786
-0.833267
-0.902432
-0.93548
-0.836365
-0.690755
-0.775776
-0.908143
-0.757868
-0.768853
-0.67939
-0.696736
-0.714426
-0.743981
-0.798404
-0.713701
-0.773337
-0.784645
-0.724571
-0.881076
-0.747838
-0.785332
-0.787071
-0.791572
-0.753182
-0.806316
-0.934402
-0.753705
-0.800157
-0.856985
-0.739687
-0.869117
-0.943909
-0.65977
-0.631049
-0.826756
-0.87319
-0.765235
-0.789533
-0.705425
-0.856058
-0.783127
-0.944414
-0.863296
-0.714854
-0.836518
-0.945754
-0.771193
-0.893313
-0.892156
-0.769737
-0.904324
-0.860476
-0.735425
-0.853088
-0.843458
-0.867296
-0.803406
-0.76903
-0.800232
-0.846694
-0.879788
-0.779097
-0.75503
-0.81446
-0.778544
-0.752363
-0.85763
-0.881788
-0.864592
-0.624232
-0.747406
-0.815994
-0.707095
-0.783889
-0.852472
-0.890974
-0.868625
-0.802594
-0.855672
-0.749162
-0.738743
-0.906684
-0.745074
-0.68982
-0.749648
-0.854515
-0.798573
-0.780428
-0.838271
-0.902388
-0.878633
-0.86683
-0.985392
-0.877333
-0.837124
-0.89074
-0.854294
-0.805401
-0.850355
-0.797378
-0.928398
-0.729365
-0.825176
-0.930572
-0.812535
-0.812125
-0.785989
-0.890718
-0.891091
-0.715429
-0.9089
-0.798455
-0.689315
-0.873983
-0.713588
-0.719265
-0.733969
-0.741403
-0.791209
-0.866945
-0.73869
-0.554831
-0.717342
-0.964705
-0.689601
-0.814954
-0.78137
-0.822887
-0.909362
-0.868596
-0.744967
-0.797477
-1.02755
-0.875001
-0.780799
-0.693762
-0.866681
-0.871006
-0.806633
-0.823901
-0.729441
-0.812079
-0.843902
-0.821873
-0.848219
-0.856393
-0.874407
-0.847229
-0.732448
-0.774528
-0.823248
-0.827487
-0.78856
-0.728082
-0.817777
-0.799408
-0.771599
-0.751082
-0.696941
-0.856707
-0.896307
-0.930782
-0.764208
-0.776295
-0.816557
-0.906884
-0.881236
-0.748638
-0.864088
-0.755261
-0.886816
-0.855285
-0.708923
-0.773395
-0.804349
-0.719428
-0.830328
-0.806679
-0.773512
-0.845663
-0.745674
-0.706348
-0.705794
-0.844375
-0.69684
-0.857806
-0.856265
-0.827996
-0.894828
-0.68831
-0.833192
-0.869459
-0.781556
-0.818621
-0.87187
-0.93559
-0.840937
-1.00067
-0.975257
-0.857049
-0.985838
-0.761392
-0.79311
-0.841585
-0.740234
-0.867359
-0.723612
-0.894812
-0.697491
-0.805654
-0.871617
-0.750464
-0.827683
-0.819044
-0.848761
-0.831955
-0.728266
-0.850422
-0.797649
-0.823724
-0.725433
-0.730374
-0.86975
-0.780157
-0.83313
-0.811197
-0.822276
-0.838363
-0.834046
-0.766097
-0.707652
-0.83811
-0.854836
-0.807086
-0.804578
-0.795143
-0.900048
-0.719417
-0.765339
-0.767465
-0.800587
-0.758063
-0.830452
-0.798163
-0.792
-0.851235
-0.781279
-0.789565
-0.816695
-0.70654
-0.772035
-0.727726
-0.802611
-0.810068
-0.877553
-0.803246
-0.751449
-0.838956
-0.894452
-0.768435
-0.805221
-0.842813
-0.833132
-0.76126
-0.820775
-0.888194
-0.863408
-0.85391
-0.844553
-0.807726
-0.829798
-0.85554
-0.741062
-0.729796
-0.684787
-0.73145
-0.863301
-0.823587
-0.832507
-0.917147
-0.919909
-0.818278
-0.793809
-0.797771
-0.563583
-0.913847
-0.779665
-0.866834
-0.952137
-0.857689
-0.843686
-0.709265
-0.883636
-0.826352
-0.825681
-0.924194
-0.783711
-0.694143
-0.853186
-0.915001
-0.871596
-0.780895
-0.760112
-0.88263
-0.757399
-0.744471
-0.733977
-0.83094
-0.791308
-0.794221
-0.681198
-0.812722
-0.873005
-0.742851
-0.800573
-0.784416
-0.694323
-0.839886
-0.839143
-0.808009
-0.741194
-0.773018
-0.863566
-0.903783
-0.874861
-0.773681
-0.903127
-0.866912
-0.792225
-0.810556
-0.710436
-0.831645
-0.806997
-0.86957
-0.758188
-0.808871
-0.816854
-0.817839
-0.825217
-0.833908
-0.832982
-0.862196
-0.815485
-0.800795
-0.846796
-0.763165
-0.736837
-0.870907
-0.819131
-0.933573
-0.856072
-0.765182
-0.882504
-0.909861
-0.74824
-0.862108
-0.731877
-0.834811
-0.703212
-0.861054
-0.844488
-0.837507
-0.901636
-0.960715
-0.771266
-0.709855
-0.870557
-0.952021
-0.631025
-0.822505
-0.77975
-0.722098
-0.800924
-0.848256
-0.798209
-0.765958
-0.755609
-0.902892
-0.848067
-0.895431
-0.709254
-0.727457
-0.71721
-0.744369
-1.01096
-0.978439
-0.941349
-0.871878
-0.750644
-0.751369
-0.84188
-0.761121
-0.820553
-0.810987
-0.874376
-0.804404
-0.806944
-0.883513
-0.855241
-0.791793
-0.852148
-0.916955
-0.849222
-0.762109
-0.768253
-0.805539
-0.80657
-0.835065
-0.822768
-0.824862
-0.7686
-0.842926
-0.77905
-0.842836
-0.88228
-0.797558
-0.716324
-0.820647
-0.845067
-0.785096
-0.889654
-0.760766
-0.854941
-0.789186
-0.730548
-0.777291
-0.84998
-0.86045
-0.886571
-0.888045
-0.899009
-0.768502
-0.800895
-0.855733
-0.817801
-0.804622
-0.761722
-0.780806
-0.77307
-0.860347
-0.830169
-0.820217
-0.840749
-0.906847
-0.999859
-0.762521
-0.841897
-0.946166
-0.80151
-0.849599
-0.848848
-0.838713
-0.801886
-0.849079
-0.724805
-0.760714
-0.836764
-0.756312
-0.805023
-0.711773
-0.814117
-0.779954
-0.790968
-0.7551
-0.769682
-0.77508
-0.764471
-0.890641
-0.78729
-0.877997
-0.779823
-0.758945
-0.836601
-0.852413
-0.846813
-0.767404
-0.920024
-0.763225
-0.850846
-0.888969
-0.857197
-0.805212
-0.789532
-0.829953
-0.934115
-0.875601
-0.829681
-0.751394
-0.804665
-0.736303
-0.818528
-0.814452
-0.839305
-0.886004
-0.888509
-0.808019
-0.890127
-0.852335
-0.908704
-0.870524
-0.87827
-0.854257
-0.814599
-0.836775
-0.833544
-0.804395
-0.786017
-0.778734
-0.878974
-0.758316
-0.915172
-0.902102
-0.964456
-0.790625
-0.693767
-0.823378
-0.85406
-0.883527
-0.801916
-0.756623
-0.686081
-0.765636
-0.807743
-0.902971
-0.860858
-0.881376
-0.761796
-0.819388
-0.684372
-0.789742
-0.85579
-0.822584
-0.669956
-0.832885
-0.696138
-0.885964
-0.864388
-0.703184
-0.7677
-0.987931
-0.862081
-0.805975
-0.773222
-0.857934
-0.811693
-0.736833
-0.763085
-0.844092
-0.810698
-0.674809
-0.684235
-0.792425
-0.834648
-0.805609
-1.0248
-0.895123
-0.808797
-0.821028
-0.840216
-0.80098
-0.856239
-0.818977
-0.824353
-0.939094
-0.840868
-0.776282
-0.816908
-0.835922
-0.771524
-0.889541
-0.877027
-1.02111
-0.853943
-0.747219
-0.882892
-0.786329
-0.846534
-0.763906
-0.783561
-0.804133
-0.750278
-0.902469
-0.817101
-0.83654
-0.926441
-0.769807
-0.942949
-0.78398
-0.828495
-0.678756
-0.835975
-0.857871
-0.748906
-0.856041
-0.783111
-0.888714
-0.935165
-0.731882
-0.766467
-0.872022
-0.845947
-0.764917
-0.863874
-0.740206
-0.734648
-0.679161
-0.714135
-0.868397
-0.819708
-0.858863
-0.881732
-0.842433
-0.812354
-0.856366
-0.855645
-0.886847
-0.766949
-0.878295
-0.827402
-0.810588
-0.681716
-0.866459
-0.765614
-0.821862
-0.772408
-0.808777
-0.717192
-0.767194
-0.830816
-0.856192
-0.849125
-0.84843
-0.86099
-0.948599
-0.8623
-0.761259
-0.855077
-0.705303
-0.902169
-0.809782
-0.962211
-0.88129
-0.833427
-0.780192
-0.886616
-0.934181
-0.797543
-0.833978
-0.780549
-0.827327
-0.863106
-0.795517
-0.765693
-0.832464
-0.896611
-0.862464
-0.771736
-0.724241
-0.863097
-0.881398
-0.838673
-0.77168
-0.708453
-0.770592
-0.817624
-0.753221
-0.835816
-0.783391
-0.744104
-0.908135
-0.814717
-0.922307
-0.865037
-0.675195
-0.812302
-0.829893
-0.874143
-0.794158
-0.867696
-0.830142
-0.794051
-0.678821
-0.90232
-0.804483
-0.72097
-0.835899
-0.843967
-0.843317
-0.850467
-0.807021
-0.784073
-0.881121
-0.838428
-0.714719
-0.809688
-0.730503
-0.902278
-0.741173
-0.776719
-0.876788
-0.886545
-0.715772
-0.725377
-0.905172
-0.830377
-0.813744
-0.857152
-0.798573
-0.905313
-0.784196
-0.856809
-0.722048
-0.816876
-0.799248
-0.813349
-0.720676
-0.898551
-0.849316
-0.870761
-0.823245
-0.737961
-0.850444
-0.87904
-0.782183
-0.823699
-0.813965
-0.705159
-0.694032
-0.7963
-0.729075
-0.898298
-0.755232
-0.744023
-0.749512
-0.818745
-0.821
-0.86853
-0.953564
-0.80195
-0.839564
-0.849355
-0.799653
-0.822577
-0.750041
-0.734352
-0.808356
-0.773727
-0.822267
-0.799782
-0.746803
-0.654095
-0.877925
-0.954915
-0.948302
-0.906153
-0.918488
-0.731416
-0.818152
-0.703567
-0.840053
-0.839051
-0.734634
-0.774143
-0.868917
-0.92802
-0.818268
-0.863862
-0.78715
-0.870734
-0.911283
-0.884832
-0.747772
-0.919612
-0.945384
-0.755868
-0.882737
-0.814049
-0.844394
-0.894414
-0.876325
-0.814738
-0.958753
-0.985251
-0.664521
-0.783555
-0.743741
-0.856199
-0.807107
-0.878413
-0.86184
-0.883897
-0.774822
-0.878303
-0.829985
-0.738827
-0.754656
-0.856031
-0.850638
-0.892072
-0.727566
-0.746169
-0.770747
-0.729205
-0.815929
-0.79031
-0.80537
-0.716761
-0.819048
-0.724358
-0.776876
-0.785613
-0.863041
-0.854314
-0.739292
-0.758896
-0.681156
-0.817187
-0.815056
-0.831982
-0.757997
-0.736433
-0.789715
-0.753841
-0.810441
-0.745814
-0.797363
-0.882796
-0.958434
-0.887895
-0.837666
-0.816368
-0.810352
-0.745235
-0.769302
-0.738005
-0.773303
-0.788045
-0.797891
-0.750105
-0.759031
-0.756476
-0.721114
-0.75915
-0.777592
-0.779463
-0.8953
-0.734836
-0.79972
-0.87889
-0.823293
-0.78883
-0.851129
-0.822682
-0.740882
-0.821435
-0.915391
-0.780753
-0.775737
-0.746065
-0.819261
-0.76475
-0.951841
-0.777805
-0.794256
-0.786658
-0.905442
-0.91077
-0.951903
-0.817799
-0.777782
-0.766815
-0.884751
-0.970165
-0.789017
-0.716106
-0.701544
-0.824371
-0.734238
-0.777642
-0.737535
-0.900721
-0.760848
-0.843427
-0.723976
-0.795321
-0.83289
-0.710237
-0.686158
-0.90213
-0.916708
-0.736889
-0.879157
-0.892608
-0.801747
-0.757594
-0.842642
-0.801816
-0.882528
-0.914906
-0.785336
-0.835622
-0.807223
-1.02084
-0.785723
-0.842363
-0.814662
-0.674275
-0.811214
-0.857568
-0.836029
-0.85301
-0.805525
-0.785822
-0.831461
-0.790301
-0.893258
-0.897069
-0.699383
-0.832634
-0.700941
-0.848114
-0.777799
-0.824635
-0.857802
-0.885715
-0.766189
-0.894784
-0.801807
-0.741324
-0.809997
-0.778972
-0.796873
-0.822417
-0.752676
-0.959887
-0.828085
-0.972887
-0.961834
-0.870429
-0.714491
-0.816314
-0.811403
-1.03448
-0.769245
-0.831228
-0.99586
-0.814502
-0.805181
-0.780016
-0.863388
-0.791311
-0.819652
-0.908383
-0.85505
-1.06784
-0.849351
-0.745595
-0.724024
-0.971033
-0.918068
-0.917014
-0.932713
-0.945871
-0.892162
-0.84701
-0.859719
-1.05032
-1.05432
-0.872618
-0.839851
-0.818171
-0.789727
-0.860979
-0.881073
-0.922538
-1.02554
-0.862354
-0.897977
-0.757146
-0.843222
-0.750982
-0.77384
-0.839919
-0.929989
-0.72325
-0.772689
-0.699697
-0.772254
-0.854798
-0.795786
-0.700021
-0.775894
-0.790429
-0.78012
-0.790851
-0.889628
-0.840033
-0.894867
-0.957385
-0.761108
-0.770203
-0.705334
-0.89229
-0.713189
-0.887841
-0.814549
-0.771726
-0.900881
-0.8102
-0.823013
-0.731368
-0.757556
-0.883537
-0.846975
-0.86638
-0.827319
-0.772822
-0.768865
-0.908277
-0.929199
-0.872982
-0.844168
-0.833214
-0.774896
-0.834364
-0.852294
-0.805041
-0.780416
-0.764583
-0.849937
-0.870637
-0.833626
-0.684435
-0.821684
-0.779227
-0.765691
-0.77056
-0.799876
-0.836129
-0.739965
-0.778549
-0.838921
-0.756459
-0.797242
-0.811936
-0.76627
-0.684185
-0.844767
-0.794062
-0.754883
-0.812353
-0.857933
-0.818835
-0.854252
-0.715427
-0.740965
-0.729185
-0.733697
-0.80904
-0.839695
-0.778765
-0.852674
-0.776202
-0.681104
-0.703346
-0.722474
-0.877851
-0.714956
-0.813431
-0.836812
-0.773778
-0.822639
-0.767425
-0.768948
-0.880816
-0.914121
-0.812274
-0.789994
-0.902714
-0.922636
-0.696323
-0.770392
-0.793076
-0.800222
-0.835997
-0.87937
-0.748467
-0.748619
-0.840297
-0.849714
-0.819674
-0.814784
-0.870762
-0.963161
-0.843994
-0.794091
-0.863759
-0.843398
-0.8609
-0.838738
-0.78903
-0.845506
-0.799647
-0.8667
-0.876283
-0.879081
-0.837041
-0.777709
-0.902069
-0.73852
-0.816135
-0.854163
-0.827316
-0.899931
-0.787799
-0.761527
-0.821484
-0.797755
-0.764122
-0.815611
-0.792079
-0.742949
-0.860079
-0.642739
-0.717778
-0.748623
-0.683834
-0.719501
-0.769761
-0.855693
-0.745353
-0.747779
-0.785742
-0.827903
-0.791198
-0.831027
-0.671605
-0.927237
-0.863231
-0.774323
-0.636556
-0.829075
-0.770812
-0.768342
-0.649891
-0.807867
-0.81998
-0.861339
-0.733418
-0.856378
-0.840365
-0.809989
-0.898632
-0.830371
-0.872599
-0.812475
-0.89518
-0.744214
-0.733652
-0.872475
-0.788051
-0.758847
-0.754374
-0.94919
-0.73245
-0.776138
-0.819085
-0.75665
-0.679787
-0.82558
-0.865862
-0.789124
-0.984297
-0.859
-0.796952
-0.900292
-0.902405
-0.914076
-0.904527
-0.872837
-0.857227
-0.727236
-0.844419
-0.850834
-0.788169
-0.770821
-0.852609
-0.790837
-0.702276
-0.788144
-0.835964
-0.895943
-0.842059
-0.836279
-0.65034
-0.678384
-0.829935
-0.832055
-0.869654
-0.759341
-0.880791
-0.789016
-0.759992
-0.691059
-0.86342
-0.751144
-0.918429
-0.84333
-0.938374
-0.873435
-0.998592
-0.828559
-0.720646
-0.602041
-0.785056
-0.819264
-0.969925
-0.80198
-0.861649
-0.787084
-0.8408
-0.744744
-0.871686
-0.819506
-0.871795
-0.852382
-0.878129
-0.773507
-0.713506
-0.693238
-0.622238
-0.692228
-0.68166
-0.832915
-0.812732
-0.81719
-0.763713
-0.680027
-0.765243
-0.81333
-0.864717
-0.936404
-0.757389
-0.867896
-0.783702
-0.860198
-0.881329
-0.69375
-0.83903
-0.681637
-0.795568
-0.793736
-0.870206
-0.740224
-0.741434
-0.866321
-0.86783
-0.782873
-0.713732
-0.776155
-0.74288
-0.77611
-0.924836
-0.993137
-0.808774
-0.874587
-0.854294
-0.784296
-0.716161
-0.718811
-0.748065
-0.964695
-0.730675
-0.817017
-0.736223
-1.04266
-0.805432
-0.93863
-0.757793
-0.777001
-0.770989
-0.816412
-0.900693
-0.726483
-0.774709
-0.895679
-0.811395
-0.688933
-0.843109
-0.807693
-0.755666
-0.758421
-0.856319
-0.933998
-0.811591
-0.752366
-0.704374
-0.75753
-0.897815
-0.783905
-0.835992
-0.823005
-0.876384
-0.816382
-0.836611
-0.887972
-0.755899
-0.870902
-0.848228
-0.797937
-0.910529
-0.813946
-0.741693
-0.772816
-0.732539
-0.781089
-0.846507
-0.826644
-0.843885
-0.845081
-0.701723
-0.824002
-0.759238
-0.789668
-0.790396
-0.766724
-0.837458
-0.763278
-0.877652
-0.913944
-0.693531
-0.808393
-0.720833
-0.67909
-0.899992
-0.662368
-0.830868
-0.746451
-0.895973
-0.769239
-0.703621
-0.738866
-0.686899
-0.802057
-0.744486
-0.809048
-0.84176
-0.834543
-0.812476
-0.921699
-0.799633
-0.935319
-0.83671
-0.799692
-0.979325
-0.86046
-0.868828
-0.789552
-0.834055
-0.830276
-0.774156
-0.878609
-0.753813
-0.823713
-0.843556
-0.739427
-0.798822
-0.743999
-0.704741
-0.880409
-0.825141
-0.873139
-0.752363
-0.816996
-0.894707
-0.862077
-0.775749
-0.749383
-0.837269
-1.01892
-0.941902
-0.789797
-0.80604
-0.746988
-0.836002
-0.849109
-0.754908
-0.855679
-0.824467
-0.848168
-0.728802
-0.922364
-0.891031
-0.830702
-0.797992
-0.810852
-0.724931
-0.801213
-0.799232
-0.801153
-0.688613
-0.682787
-0.912041
-0.786282
-0.813416
-0.90091
-0.764615
-0.747737
-0.813702
-0.871519
-0.738998
-0.850096
-0.87347
-0.921159
-0.715661
-0.788977
-0.771132
-0.767302
-0.75165
-0.794871
-0.839056
-0.760257
-0.916569
-0.986201
-0.895353
-0.850432
-0.922638
-0.938479
-0.923026
-0.897355
-0.862997
-0.902984
-0.831605
-0.838576
-0.751073
-0.759655
-0.820817
-0.647516
-0.744954
-0.813831
-0.859653
-0.81205
-0.901584
-0.85813
-0.841041
-0.927379
-0.77875
-0.86554
-0.869671
-0.730689
-0.767751
-0.788633
-0.806225
-0.784488
-0.873198
-0.78012
-0.779414
-0.744059
-0.860959
-0.92737
-0.767565
-0.802272
-0.785915
-0.862447
-0.71364
-0.763457
-0.767577
-0.758779
-0.86282
-0.834568
-0.784029
-0.760982
